RG-MACRO-001 exact formula classification
K=12 odd_cylinders=2048
fixed grammar: <empty>, O, O(EO)^kEEO for 0<=k<=6
formula-certified=1903
formula-gaps=145
bundle Route B edge set and selected affine data: exact match
target trace templates:
  <empty>: 1184
  O: 638
  OEOEEO: 5
  OEOEOEEO: 40
  OEOEOEOEEO: 20
  OEOEOEOEOEEO: 10
  OEOEOEOEOEOEEO: 4
  OEOEOEOEOEOEOEEO: 2
gap maximal-endpoint exponents:
  s=8: 38
  s=9: 60
  s=10: 36
  s=11: 10
  s=12: 1
one-bit refinement: 290 children, exact identities and exponent split PASS
gap decoded residues R:
  27 31 47 71 91 103 111 127 159 167 191 239 251 303 327 415 447 495 511 559 603 623 639 667 671 679 703 743 751 763 767 839 859 871 927 959 1007 1023 1051 1055 1095 1115 1127 1135 1151 1179 1183 1215 1255 1263 1307 1327 1351 1383 1439 1471 1519 1567 1583 1663 1691 1695 1727 1767 1775 1791 1819 1883 1895 1951 1959 1983 2043 2047 2075 2079 2095 2119 2139 2151 2159 2175 2207 2215 2287 2299 2375 2463 2495 2543 2559 2651 2671 2687 2715 2719 2727 2751 2791 2799 2811 2815 2843 2887 2983 3007 3055 3067 3071 3099 3103 3175 3183 3199 3227 3231 3239 3263 3303 3311 3323 3355 3375 3431 3487 3519 3567 3615 3631 3711 3739 3743 3775 3815 3823 3839 3867 3931 3943 3999 4007 4031 4079 4091 4095
gap RG-CERT-0 source-parameter residues p=R-1:
  26 30 46 70 90 102 110 126 158 166 190 238 250 302 326 414 446 494 510 558 602 622 638 666 670 678 702 742 750 762 766 838 858 870 926 958 1006 1022 1050 1054 1094 1114 1126 1134 1150 1178 1182 1214 1254 1262 1306 1326 1350 1382 1438 1470 1518 1566 1582 1662 1690 1694 1726 1766 1774 1790 1818 1882 1894 1950 1958 1982 2042 2046 2074 2078 2094 2118 2138 2150 2158 2174 2206 2214 2286 2298 2374 2462 2494 2542 2558 2650 2670 2686 2714 2718 2726 2750 2790 2798 2810 2814 2842 2886 2982 3006 3054 3066 3070 3098 3102 3174 3182 3198 3226 3230 3238 3262 3302 3310 3322 3354 3374 3430 3486 3518 3566 3614 3630 3710 3738 3742 3774 3814 3822 3838 3866 3930 3942 3998 4006 4030 4078 4090 4094
RG-MACRO-001 PASS (partial symbolic classification; not global)
